00000000000000000000
00000000000000000000
00000000000000000000
00000000000000000000
00000000000000000000
00000000000000000000
00000000000000000000
30000000000000000003
30000000000000000003
11111111111111111111
11111111111111111111

00000000000000000000
00000000000000000000
00000000000000000000
00000000000000000000
00000000000000000000
00000000000000000000
00000000000000000000
30000000000011000003
30000000000011000003
11111111111111111111
11111111111111111111

00000000000000000000
00000000000000000000
00000000000000000000
00000000000000000000
00000000000000000000
00000000000000000000
00000000000000000000
30000000000000000003
30000000000000000003
11111111100111111111
11111111100111111111

00000000000000000000
00000000000000000000
00000000000000000000
00000000000000000000
00000000000000000000
00000000000000000000
00001100000000000000
30000000000000011003
30000000000000011003
11111111100111111111
11111111100111111111